1.0 -1.00055702885 -0.5 12.1745541599 0.001
2.0 -0.500699293232 -0.5 12.2053342264 0.001249789727724224
3.0 -0.958954876315 -0.5 12.1779016626 0.0010207894959184966
4.0 -0.917341529346 -0.5 12.1811070055 0.0010415845859379172
5.0 -0.875717473712 -0.5 12.1841701509 0.001062385027308981
6.0 -0.834083195307 -0.5 12.1870910632 0.0010831905772199404
7.0 -0.792439180149 -0.5 12.1898697083 0.0011040009927970834
8.0 -0.75078591437 -0.5 12.1925060537 0.0011248160311097294
9.0 -0.709123884212 -0.5 12.1950000687 0.0011456354491722284
10.0 -0.667453576022 -0.5 12.1973517242 0.0011664590039464596
11.0 -0.625775476248 -0.5 12.1995609926 0.0011872864523438304
12.0 -0.584090071427 -0.5 12.2016278483 0.001208117551231273
13.0 -0.542397848185 -0.5 12.203552267 0.001228952057431244
14.0 -0.500699293232 0.5 12.2053342264 0.001249789727724224
15.0 -0.500699293232 -0.45 12.2053342264 0.001249789727724224
16.0 -0.500699293232 -0.4 12.2053342264 0.001249789727724224
17.0 -0.500699293232 -0.35 12.2053342264 0.001249789727724224
18.0 -0.500699293232 -0.3 12.2053342264 0.001249789727724224
19.0 -0.500699293232 -0.25 12.2053342264 0.001249789727724224
20.0 -0.500699293232 -0.2 12.2053342264 0.001249789727724224
21.0 -0.500699293232 -0.15 12.2053342264 0.001249789727724224
22.0 -0.500699293232 -0.1 12.2053342264 0.001249789727724224
23.0 -0.500699293232 -0.05 12.2053342264 0.001249789727724224
24.0 -0.500699293232 0.0 12.2053342264 0.001249789727724224
25.0 -0.500699293232 0.05 12.2053342264 0.001249789727724224
26.0 -0.500699293232 0.1 12.2053342264 0.001249789727724224
27.0 -0.500699293232 0.15 12.2053342264 0.001249789727724224
28.0 -0.500699293232 0.2 12.2053342264 0.001249789727724224
29.0 -0.500699293232 0.25 12.2053342264 0.001249789727724224
30.0 -0.500699293232 0.3 12.2053342264 0.001249789727724224
31.0 -0.500699293232 0.35 12.2053342264 0.001249789727724224
32.0 -0.500699293232 0.4 12.2053342264 0.001249789727724224
33.0 -0.500699293232 0.45 12.2053342264 0.001249789727724224
34.0 -1.00055702885 0.5 12.1745541599 0.001
35.0 -0.958954876315 0.5 12.1779016626 0.0010207894959184966
36.0 -0.917341529346 0.5 12.1811070055 0.0010415845859379172
37.0 -0.875717473712 0.5 12.1841701509 0.001062385027308981
38.0 -0.834083195307 0.5 12.1870910632 0.0010831905772199404
39.0 -0.792439180149 0.5 12.1898697083 0.0011040009927970834
40.0 -0.75078591437 0.5 12.1925060537 0.0011248160311097294
41.0 -0.709123884212 0.5 12.1950000687 0.0011456354491722284
42.0 -0.667453576022 0.5 12.1973517242 0.0011664590039464596
43.0 -0.625775476248 0.5 12.1995609926 0.0011872864523438304
44.0 -0.584090071427 0.5 12.2016278483 0.001208117551231273
45.0 -0.542397848185 0.5 12.203552267 0.001228952057431244
46.0 -1.00055702885 -0.45 12.1745541599 0.001
47.0 -1.00055702885 -0.4 12.1745541599 0.001
48.0 -1.00055702885 -0.35 12.1745541599 0.001
49.0 -1.00055702885 -0.3 12.1745541599 0.001
50.0 -1.00055702885 -0.25 12.1745541599 0.001
51.0 -1.00055702885 -0.2 12.1745541599 0.001
52.0 -1.00055702885 -0.15 12.1745541599 0.001
53.0 -1.00055702885 -0.1 12.1745541599 0.001
54.0 -1.00055702885 -0.05 12.1745541599 0.001
55.0 -1.00055702885 0.0 12.1745541599 0.001
56.0 -1.00055702885 0.05 12.1745541599 0.001
57.0 -1.00055702885 0.1 12.1745541599 0.001
58.0 -1.00055702885 0.15 12.1745541599 0.001
59.0 -1.00055702885 0.2 12.1745541599 0.001
60.0 -1.00055702885 0.25 12.1745541599 0.001
61.0 -1.00055702885 0.3 12.1745541599 0.001
62.0 -1.00055702885 0.35 12.1745541599 0.001
63.0 -1.00055702885 0.4 12.1745541599 0.001
64.0 -1.00055702885 0.45 12.1745541599 0.001
65.0 -0.958954876684 -0.4 12.1779016626 0.0010207894957340992
66.0 -0.958954876684 -0.3 12.1779016626 0.0010207894957340992
67.0 -0.958954876684 -0.2 12.1779016626 0.0010207894957340992
68.0 -0.958954876684 -0.1 12.1779016626 0.0010207894957340992
69.0 -0.958954876684 0.0 12.1779016626 0.0010207894957340992
70.0 -0.958954876684 0.1 12.1779016626 0.0010207894957340992
71.0 -0.958954876684 0.2 12.1779016626 0.0010207894957340992
72.0 -0.958954876684 0.3 12.1779016626 0.0010207894957340992
73.0 -0.958954876684 0.4 12.1779016626 0.0010207894957340992
74.0 -0.917341529731 -0.45 12.1811070054 0.0010415845857455245
75.0 -0.917341529731 -0.4 12.1811070054 0.0010415845857455245
76.0 -0.917341529731 -0.35 12.1811070054 0.0010415845857455245
77.0 -0.917341529731 -0.3 12.1811070054 0.0010415845857455245
78.0 -0.917341529731 -0.25 12.1811070054 0.0010415845857455245
79.0 -0.917341529731 -0.2 12.1811070054 0.0010415845857455245
80.0 -0.917341529731 -0.15 12.1811070054 0.0010415845857455245
81.0 -0.917341529731 -0.1 12.1811070054 0.0010415845857455245
82.0 -0.917341529731 -0.05 12.1811070054 0.0010415845857455245
83.0 -0.917341529731 0.0 12.1811070054 0.0010415845857455245
84.0 -0.917341529731 0.05 12.1811070054 0.0010415845857455245
85.0 -0.917341529731 0.1 12.1811070054 0.0010415845857455245
86.0 -0.917341529731 0.15 12.1811070054 0.0010415845857455245
87.0 -0.917341529731 0.2 12.1811070054 0.0010415845857455245
88.0 -0.917341529731 0.25 12.1811070054 0.0010415845857455245
89.0 -0.917341529731 0.3 12.1811070054 0.0010415845857455245
90.0 -0.917341529731 0.35 12.1811070054 0.0010415845857455245
91.0 -0.917341529731 0.4 12.1811070054 0.0010415845857455245
92.0 -0.917341529731 0.45 12.1811070054 0.0010415845857455245
93.0 -0.875717473844 -0.4 12.1841701509 0.0010623850272430176
94.0 -0.875717473844 -0.3 12.1841701509 0.0010623850272430176
95.0 -0.875717473844 -0.2 12.1841701509 0.0010623850272430176
96.0 -0.875717473844 -0.1 12.1841701509 0.0010623850272430176
97.0 -0.875717473844 0.0 12.1841701509 0.0010623850272430176
98.0 -0.875717473844 0.1 12.1841701509 0.0010623850272430176
99.0 -0.875717473844 0.2 12.1841701509 0.0010623850272430176
100.0 -0.875717473844 0.3 12.1841701509 0.0010623850272430176
101.0 -0.875717473844 0.4 12.1841701509 0.0010623850272430176
102.0 -0.834083195005 -0.45 12.1870910632 0.0010831905773708564
103.0 -0.834083195005 -0.4 12.1870910632 0.0010831905773708564
104.0 -0.834083195005 -0.35 12.1870910632 0.0010831905773708564
105.0 -0.834083195005 -0.3 12.1870910632 0.0010831905773708564
106.0 -0.834083195005 -0.25 12.1870910632 0.0010831905773708564
107.0 -0.834083195005 -0.2 12.1870910632 0.0010831905773708564
108.0 -0.834083195005 -0.15 12.1870910632 0.0010831905773708564
109.0 -0.834083195005 -0.1 12.1870910632 0.0010831905773708564
110.0 -0.834083195005 -0.05 12.1870910632 0.0010831905773708564
111.0 -0.834083195005 0.0 12.1870910632 0.0010831905773708564
112.0 -0.834083195005 0.05 12.1870910632 0.0010831905773708564
113.0 -0.834083195005 0.1 12.1870910632 0.0010831905773708564
114.0 -0.834083195005 0.15 12.1870910632 0.0010831905773708564
115.0 -0.834083195005 0.2 12.1870910632 0.0010831905773708564
116.0 -0.834083195005 0.25 12.1870910632 0.0010831905773708564
117.0 -0.834083195005 0.3 12.1870910632 0.0010831905773708564
118.0 -0.834083195005 0.35 12.1870910632 0.0010831905773708564
119.0 -0.834083195005 0.4 12.1870910632 0.0010831905773708564
120.0 -0.834083195005 0.45 12.1870910632 0.0010831905773708564
121.0 -0.792439179316 -0.4 12.1898697084 0.0011040009932133516
122.0 -0.792439179316 -0.3 12.1898697084 0.0011040009932133516
123.0 -0.792439179316 -0.2 12.1898697084 0.0011040009932133516
124.0 -0.792439179316 -0.1 12.1898697084 0.0011040009932133516
125.0 -0.792439179316 0.0 12.1898697084 0.0011040009932133516
126.0 -0.792439179316 0.1 12.1898697084 0.0011040009932133516
127.0 -0.792439179316 0.2 12.1898697084 0.0011040009932133516
128.0 -0.792439179316 0.3 12.1898697084 0.0011040009932133516
129.0 -0.792439179316 0.4 12.1898697084 0.0011040009932133516
130.0 -0.750785912996 -0.45 12.1925060538 0.001124816031796347
131.0 -0.750785912996 -0.4 12.1925060538 0.001124816031796347
132.0 -0.750785912996 -0.35 12.1925060538 0.001124816031796347
133.0 -0.750785912996 -0.3 12.1925060538 0.001124816031796347
134.0 -0.750785912996 -0.25 12.1925060538 0.001124816031796347
135.0 -0.750785912996 -0.2 12.1925060538 0.001124816031796347
136.0 -0.750785912996 -0.15 12.1925060538 0.001124816031796347
137.0 -0.750785912996 -0.1 12.1925060538 0.001124816031796347
138.0 -0.750785912996 -0.05 12.1925060538 0.001124816031796347
139.0 -0.750785912996 0.0 12.1925060538 0.001124816031796347
140.0 -0.750785912996 0.05 12.1925060538 0.001124816031796347
141.0 -0.750785912996 0.1 12.1925060538 0.001124816031796347
142.0 -0.750785912996 0.15 12.1925060538 0.001124816031796347
143.0 -0.750785912996 0.2 12.1925060538 0.001124816031796347
144.0 -0.750785912996 0.25 12.1925060538 0.001124816031796347
145.0 -0.750785912996 0.3 12.1925060538 0.001124816031796347
146.0 -0.750785912996 0.35 12.1925060538 0.001124816031796347
147.0 -0.750785912996 0.4 12.1925060538 0.001124816031796347
148.0 -0.750785912996 0.45 12.1925060538 0.001124816031796347
149.0 -0.709123882374 -0.4 12.1950000689 0.0011456354500907167
150.0 -0.709123882374 -0.3 12.1950000689 0.0011456354500907167
151.0 -0.709123882374 -0.2 12.1950000689 0.0011456354500907167
152.0 -0.709123882374 -0.1 12.1950000689 0.0011456354500907167
153.0 -0.709123882374 0.0 12.1950000689 0.0011456354500907167
154.0 -0.709123882374 0.1 12.1950000689 0.0011456354500907167
155.0 -0.709123882374 0.2 12.1950000689 0.0011456354500907167
156.0 -0.709123882374 0.3 12.1950000689 0.0011456354500907167
157.0 -0.709123882374 0.4 12.1950000689 0.0011456354500907167
158.0 -0.667453573883 -0.45 12.1973517243 0.0011664590050153643
159.0 -0.667453573883 -0.4 12.1973517243 0.0011664590050153643
160.0 -0.667453573883 -0.35 12.1973517243 0.0011664590050153643
161.0 -0.667453573883 -0.3 12.1973517243 0.0011664590050153643
162.0 -0.667453573883 -0.25 12.1973517243 0.0011664590050153643
163.0 -0.667453573883 -0.2 12.1973517243 0.0011664590050153643
164.0 -0.667453573883 -0.15 12.1973517243 0.0011664590050153643
165.0 -0.667453573883 -0.1 12.1973517243 0.0011664590050153643
166.0 -0.667453573883 -0.05 12.1973517243 0.0011664590050153643
167.0 -0.667453573883 0.0 12.1973517243 0.0011664590050153643
168.0 -0.667453573883 0.05 12.1973517243 0.0011664590050153643
169.0 -0.667453573883 0.1 12.1973517243 0.0011664590050153643
170.0 -0.667453573883 0.15 12.1973517243 0.0011664590050153643
171.0 -0.667453573883 0.2 12.1973517243 0.0011664590050153643
172.0 -0.667453573883 0.25 12.1973517243 0.0011664590050153643
173.0 -0.667453573883 0.3 12.1973517243 0.0011664590050153643
174.0 -0.667453573883 0.35 12.1973517243 0.0011664590050153643
175.0 -0.667453573883 0.4 12.1973517243 0.0011664590050153643
176.0 -0.667453573883 0.45 12.1973517243 0.0011664590050153643
177.0 -0.625775474055 -0.4 12.1995609928 0.0011872864534397199
178.0 -0.625775474055 -0.3 12.1995609928 0.0011872864534397199
179.0 -0.625775474055 -0.2 12.1995609928 0.0011872864534397199
180.0 -0.625775474055 -0.1 12.1995609928 0.0011872864534397199
181.0 -0.625775474055 0.0 12.1995609928 0.0011872864534397199
182.0 -0.625775474055 0.1 12.1995609928 0.0011872864534397199
183.0 -0.625775474055 0.2 12.1995609928 0.0011872864534397199
184.0 -0.625775474055 0.3 12.1995609928 0.0011872864534397199
185.0 -0.625775474055 0.4 12.1995609928 0.0011872864534397199
186.0 -0.584090069515 -0.45 12.2016278484 0.0012081175521867406
187.0 -0.584090069515 -0.4 12.2016278484 0.0012081175521867406
188.0 -0.584090069515 -0.35 12.2016278484 0.0012081175521867406
189.0 -0.584090069515 -0.3 12.2016278484 0.0012081175521867406
190.0 -0.584090069515 -0.25 12.2016278484 0.0012081175521867406
191.0 -0.584090069515 -0.2 12.2016278484 0.0012081175521867406
192.0 -0.584090069515 -0.15 12.2016278484 0.0012081175521867406
193.0 -0.584090069515 -0.1 12.2016278484 0.0012081175521867406
194.0 -0.584090069515 -0.05 12.2016278484 0.0012081175521867406
195.0 -0.584090069515 0.0 12.2016278484 0.0012081175521867406
196.0 -0.584090069515 0.05 12.2016278484 0.0012081175521867406
197.0 -0.584090069515 0.1 12.2016278484 0.0012081175521867406
198.0 -0.584090069515 0.15 12.2016278484 0.0012081175521867406
199.0 -0.584090069515 0.2 12.2016278484 0.0012081175521867406
200.0 -0.584090069515 0.25 12.2016278484 0.0012081175521867406
201.0 -0.584090069515 0.3 12.2016278484 0.0012081175521867406
202.0 -0.584090069515 0.35 12.2016278484 0.0012081175521867406
203.0 -0.584090069515 0.4 12.2016278484 0.0012081175521867406
204.0 -0.584090069515 0.45 12.2016278484 0.0012081175521867406
205.0 -0.542397846976 -0.4 12.2035522671 0.0012289520580354074
206.0 -0.542397846976 -0.3 12.2035522671 0.0012289520580354074
207.0 -0.542397846976 -0.2 12.2035522671 0.0012289520580354074
208.0 -0.542397846976 -0.1 12.2035522671 0.0012289520580354074
209.0 -0.542397846976 0.0 12.2035522671 0.0012289520580354074
210.0 -0.542397846976 0.1 12.2035522671 0.0012289520580354074
211.0 -0.542397846976 0.2 12.2035522671 0.0012289520580354074
212.0 -0.542397846976 0.3 12.2035522671 0.0012289520580354074
213.0 -0.542397846976 0.4 12.2035522671 0.0012289520580354074
214.0 0.0 -0.5 12.2156 0.0015
215.0 -0.458994893244 -0.5 12.2069737056 0.0012706303189076837
216.0 -0.417285135155 -0.5 12.2084706854 0.001291473587650166
217.0 -0.375570505858 -0.5 12.2098251484 0.0013123192906407018
218.0 -0.333851492307 -0.5 12.2110370789 0.0013331671845378391
219.0 -0.292128581507 -0.5 12.2121064625 0.001354017025974641
220.0 -0.250402260511 -0.5 12.2130332869 0.0013748685715601829
221.0 -0.208673016416 -0.5 12.2138175413 0.0013957215778815524
222.0 -0.166941336352 -0.5 12.2144592164 0.0014165758015093474
223.0 -0.125207707483 -0.5 12.2149583049 0.0014374309989971742
224.0 -0.0834726169944 -0.5 12.2153148008 0.0014582869268879456
225.0 -0.0417365520935 -0.5 12.2155287 0.00147914334171363
226.0 0.0 0.5 12.2156 0.0015
227.0 0.0 -0.45 12.2156 0.0015
228.0 0.0 -0.4 12.2156 0.0015
229.0 0.0 -0.35 12.2156 0.0015
230.0 0.0 -0.3 12.2156 0.0015
231.0 0.0 -0.25 12.2156 0.0015
232.0 0.0 -0.2 12.2156 0.0015
233.0 0.0 -0.15 12.2156 0.0015
234.0 0.0 -0.1 12.2156 0.0015
235.0 0.0 -0.05 12.2156 0.0015
236.0 0.0 0.0 12.2156 0.0015
237.0 0.0 0.05 12.2156 0.0015
238.0 0.0 0.1 12.2156 0.0015
239.0 0.0 0.15 12.2156 0.0015
240.0 0.0 0.2 12.2156 0.0015
241.0 0.0 0.25 12.2156 0.0015
242.0 0.0 0.3 12.2156 0.0015
243.0 0.0 0.35 12.2156 0.0015
244.0 0.0 0.4 12.2156 0.0015
245.0 0.0 0.45 12.2156 0.0015
246.0 -0.458994893244 0.5 12.2069737056 0.0012706303189076837
247.0 -0.417285135155 0.5 12.2084706854 0.001291473587650166
248.0 -0.375570505858 0.5 12.2098251484 0.0013123192906407018
249.0 -0.333851492307 0.5 12.2110370789 0.0013331671845378391
250.0 -0.292128581507 0.5 12.2121064625 0.001354017025974641
251.0 -0.250402260511 0.5 12.2130332869 0.0013748685715601829
252.0 -0.208673016416 0.5 12.2138175413 0.0013957215778815524
253.0 -0.166941336352 0.5 12.2144592164 0.0014165758015093474
254.0 -0.125207707483 0.5 12.2149583049 0.0014374309989971742
255.0 -0.0834726169944 0.5 12.2153148008 0.0014582869268879456
256.0 -0.0417365520935 0.5 12.2155287 0.00147914334171363
257.0 -0.458994892051 -0.4 12.2069737056 0.0012706303195038518
258.0 -0.458994892051 -0.3 12.2069737056 0.0012706303195038518
259.0 -0.458994892051 -0.2 12.2069737056 0.0012706303195038518
260.0 -0.458994892051 -0.1 12.2069737056 0.0012706303195038518
261.0 -0.458994892051 0.0 12.2069737056 0.0012706303195038518
262.0 -0.458994892051 0.1 12.2069737056 0.0012706303195038518
263.0 -0.458994892051 0.2 12.2069737056 0.0012706303195038518
264.0 -0.458994892051 0.3 12.2069737056 0.0012706303195038518
265.0 -0.458994892051 0.4 12.2069737056 0.0012706303195038518
266.0 -0.417285133257 -0.45 12.2084706854 0.0012914735885986375
267.0 -0.417285133257 -0.4 12.2084706854 0.0012914735885986375
268.0 -0.417285133257 -0.35 12.2084706854 0.0012914735885986375
269.0 -0.417285133257 -0.3 12.2084706854 0.0012914735885986375
270.0 -0.417285133257 -0.25 12.2084706854 0.0012914735885986375
271.0 -0.417285133257 -0.2 12.2084706854 0.0012914735885986375
272.0 -0.417285133257 -0.15 12.2084706854 0.0012914735885986375
273.0 -0.417285133257 -0.1 12.2084706854 0.0012914735885986375
274.0 -0.417285133257 -0.05 12.2084706854 0.0012914735885986375
275.0 -0.417285133257 0.0 12.2084706854 0.0012914735885986375
276.0 -0.417285133257 0.05 12.2084706854 0.0012914735885986375
277.0 -0.417285133257 0.1 12.2084706854 0.0012914735885986375
278.0 -0.417285133257 0.15 12.2084706854 0.0012914735885986375
279.0 -0.417285133257 0.2 12.2084706854 0.0012914735885986375
280.0 -0.417285133257 0.25 12.2084706854 0.0012914735885986375
281.0 -0.417285133257 0.3 12.2084706854 0.0012914735885986375
282.0 -0.417285133257 0.35 12.2084706854 0.0012914735885986375
283.0 -0.417285133257 0.4 12.2084706854 0.0012914735885986375
284.0 -0.417285133257 0.45 12.2084706854 0.0012914735885986375
285.0 -0.375570503662 -0.4 12.2098251485 0.0013123192917380904
286.0 -0.375570503662 -0.3 12.2098251485 0.0013123192917380904
287.0 -0.375570503662 -0.2 12.2098251485 0.0013123192917380904
288.0 -0.375570503662 -0.1 12.2098251485 0.0013123192917380904
289.0 -0.375570503662 0.0 12.2098251485 0.0013123192917380904
290.0 -0.375570503662 0.1 12.2098251485 0.0013123192917380904
291.0 -0.375570503662 0.2 12.2098251485 0.0013123192917380904
292.0 -0.375570503662 0.3 12.2098251485 0.0013123192917380904
293.0 -0.375570503662 0.4 12.2098251485 0.0013123192917380904
294.0 -0.333851490138 -0.45 12.2110370789 0.0013331671856217355
295.0 -0.333851490138 -0.4 12.2110370789 0.0013331671856217355
296.0 -0.333851490138 -0.35 12.2110370789 0.0013331671856217355
297.0 -0.333851490138 -0.3 12.2110370789 0.0013331671856217355
298.0 -0.333851490138 -0.25 12.2110370789 0.0013331671856217355
299.0 -0.333851490138 -0.2 12.2110370789 0.0013331671856217355
300.0 -0.333851490138 -0.15 12.2110370789 0.0013331671856217355
301.0 -0.333851490138 -0.1 12.2110370789 0.0013331671856217355
302.0 -0.333851490138 -0.05 12.2110370789 0.0013331671856217355
303.0 -0.333851490138 0.0 12.2110370789 0.0013331671856217355
304.0 -0.333851490138 0.05 12.2110370789 0.0013331671856217355
305.0 -0.333851490138 0.1 12.2110370789 0.0013331671856217355
306.0 -0.333851490138 0.15 12.2110370789 0.0013331671856217355
307.0 -0.333851490138 0.2 12.2110370789 0.0013331671856217355
308.0 -0.333851490138 0.25 12.2110370789 0.0013331671856217355
309.0 -0.333851490138 0.3 12.2110370789 0.0013331671856217355
310.0 -0.333851490138 0.35 12.2110370789 0.0013331671856217355
311.0 -0.333851490138 0.4 12.2110370789 0.0013331671856217355
312.0 -0.333851490138 0.45 12.2110370789 0.0013331671856217355
313.0 -0.292128579609 -0.4 12.2121064626 0.0013540170269231125
314.0 -0.292128579609 -0.3 12.2121064626 0.0013540170269231125
315.0 -0.292128579609 -0.2 12.2121064626 0.0013540170269231125
316.0 -0.292128579609 -0.1 12.2121064626 0.0013540170269231125
317.0 -0.292128579609 0.0 12.2121064626 0.0013540170269231125
318.0 -0.292128579609 0.1 12.2121064626 0.0013540170269231125
319.0 -0.292128579609 0.2 12.2121064626 0.0013540170269231125
320.0 -0.292128579609 0.3 12.2121064626 0.0013540170269231125
321.0 -0.292128579609 0.4 12.2121064626 0.0013540170269231125
322.0 -0.250402259047 -0.45 12.213033287 0.0013748685722917752
323.0 -0.250402259047 -0.4 12.213033287 0.0013748685722917752
324.0 -0.250402259047 -0.35 12.213033287 0.0013748685722917752
325.0 -0.250402259047 -0.3 12.213033287 0.0013748685722917752
326.0 -0.250402259047 -0.25 12.213033287 0.0013748685722917752
327.0 -0.250402259047 -0.2 12.213033287 0.0013748685722917752
328.0 -0.250402259047 -0.15 12.213033287 0.0013748685722917752
329.0 -0.250402259047 -0.1 12.213033287 0.0013748685722917752
330.0 -0.250402259047 -0.05 12.213033287 0.0013748685722917752
331.0 -0.250402259047 0.0 12.213033287 0.0013748685722917752
332.0 -0.250402259047 0.05 12.213033287 0.0013748685722917752
333.0 -0.250402259047 0.1 12.213033287 0.0013748685722917752
334.0 -0.250402259047 0.15 12.213033287 0.0013748685722917752
335.0 -0.250402259047 0.2 12.213033287 0.0013748685722917752
336.0 -0.250402259047 0.25 12.213033287 0.0013748685722917752
337.0 -0.250402259047 0.3 12.213033287 0.0013748685722917752
338.0 -0.250402259047 0.35 12.213033287 0.0013748685722917752
339.0 -0.250402259047 0.4 12.213033287 0.0013748685722917752
340.0 -0.250402259047 0.45 12.213033287 0.0013748685722917752
341.0 -0.208673015467 -0.4 12.2138175413 0.0013957215783557883
342.0 -0.208673015467 -0.3 12.2138175413 0.0013957215783557883
343.0 -0.208673015467 -0.2 12.2138175413 0.0013957215783557883
344.0 -0.208673015467 -0.1 12.2138175413 0.0013957215783557883
345.0 -0.208673015467 0.0 12.2138175413 0.0013957215783557883
346.0 -0.208673015467 0.1 12.2138175413 0.0013957215783557883
347.0 -0.208673015467 0.2 12.2138175413 0.0013957215783557883
348.0 -0.208673015467 0.3 12.2138175413 0.0013957215783557883
349.0 -0.208673015467 0.4 12.2138175413 0.0013957215783557883
350.0 -0.166941335918 -0.45 12.2144592165 0.0014165758017262266
351.0 -0.166941335918 -0.4 12.2144592165 0.0014165758017262266
352.0 -0.166941335918 -0.35 12.2144592165 0.0014165758017262266
353.0 -0.166941335918 -0.3 12.2144592165 0.0014165758017262266
354.0 -0.166941335918 -0.25 12.2144592165 0.0014165758017262266
355.0 -0.166941335918 -0.2 12.2144592165 0.0014165758017262266
356.0 -0.166941335918 -0.15 12.2144592165 0.0014165758017262266
357.0 -0.166941335918 -0.1 12.2144592165 0.0014165758017262266
358.0 -0.166941335918 -0.05 12.2144592165 0.0014165758017262266
359.0 -0.166941335918 0.0 12.2144592165 0.0014165758017262266
360.0 -0.166941335918 0.05 12.2144592165 0.0014165758017262266
361.0 -0.166941335918 0.1 12.2144592165 0.0014165758017262266
362.0 -0.166941335918 0.15 12.2144592165 0.0014165758017262266
363.0 -0.166941335918 0.2 12.2144592165 0.0014165758017262266
364.0 -0.166941335918 0.25 12.2144592165 0.0014165758017262266
365.0 -0.166941335918 0.3 12.2144592165 0.0014165758017262266
366.0 -0.166941335918 0.35 12.2144592165 0.0014165758017262266
367.0 -0.166941335918 0.4 12.2144592165 0.0014165758017262266
368.0 -0.166941335918 0.45 12.2144592165 0.0014165758017262266
369.0 -0.125207707483 -0.4 12.2149583049 0.0014374309989971742
370.0 -0.125207707483 -0.3 12.2149583049 0.0014374309989971742
371.0 -0.125207707483 -0.2 12.2149583049 0.0014374309989971742
372.0 -0.125207707483 -0.1 12.2149583049 0.0014374309989971742
373.0 -0.125207707483 0.0 12.2149583049 0.0014374309989971742
374.0 -0.125207707483 0.1 12.2149583049 0.0014374309989971742
375.0 -0.125207707483 0.2 12.2149583049 0.0014374309989971742
376.0 -0.125207707483 0.3 12.2149583049 0.0014374309989971742
377.0 -0.125207707483 0.4 12.2149583049 0.0014374309989971742
378.0 -0.0834726172657 -0.45 12.2153148008 0.001458286926752371
379.0 -0.0834726172657 -0.4 12.2153148008 0.001458286926752371
380.0 -0.0834726172657 -0.35 12.2153148008 0.001458286926752371
381.0 -0.0834726172657 -0.3 12.2153148008 0.001458286926752371
382.0 -0.0834726172657 -0.25 12.2153148008 0.001458286926752371
383.0 -0.0834726172657 -0.2 12.2153148008 0.001458286926752371
384.0 -0.0834726172657 -0.15 12.2153148008 0.001458286926752371
385.0 -0.0834726172657 -0.1 12.2153148008 0.001458286926752371
386.0 -0.0834726172657 -0.05 12.2153148008 0.001458286926752371
387.0 -0.0834726172657 0.0 12.2153148008 0.001458286926752371
388.0 -0.0834726172657 0.05 12.2153148008 0.001458286926752371
389.0 -0.0834726172657 0.1 12.2153148008 0.001458286926752371
390.0 -0.0834726172657 0.15 12.2153148008 0.001458286926752371
391.0 -0.0834726172657 0.2 12.2153148008 0.001458286926752371
392.0 -0.0834726172657 0.25 12.2153148008 0.001458286926752371
393.0 -0.0834726172657 0.3 12.2153148008 0.001458286926752371
394.0 -0.0834726172657 0.35 12.2153148008 0.001458286926752371
395.0 -0.0834726172657 0.4 12.2153148008 0.001458286926752371
396.0 -0.0834726172657 0.45 12.2153148008 0.001458286926752371
397.0 -0.0417365523919 -0.4 12.2155287 0.0014791433415645133
398.0 -0.0417365523919 -0.3 12.2155287 0.0014791433415645133
399.0 -0.0417365523919 -0.2 12.2155287 0.0014791433415645133
400.0 -0.0417365523919 -0.1 12.2155287 0.0014791433415645133
401.0 -0.0417365523919 0.0 12.2155287 0.0014791433415645133
402.0 -0.0417365523919 0.1 12.2155287 0.0014791433415645133
403.0 -0.0417365523919 0.2 12.2155287 0.0014791433415645133
404.0 -0.0417365523919 0.3 12.2155287 0.0014791433415645133
405.0 -0.0417365523919 0.4 12.2155287 0.0014791433415645133
406.0 0.500699293232 -0.5 12.2053342264 0.001750210272275776
407.0 0.0417365521652 -0.5 12.2155287 0.0015208566583222
408.0 0.0834726170928 -0.5 12.2153148008 0.001541713073161227
409.0 0.125207707582 -0.5 12.2149583049 0.0015625690010522982
410.0 0.166941336441 -0.5 12.2144592165 0.0015834241985351277
411.0 0.208673016495 -0.5 12.2138175413 0.0016042784221579256
412.0 0.250402260586 -0.5 12.2130332869 0.0016251314284772963
413.0 0.292128581585 -0.5 12.2121064625 0.0016459829740643373
414.0 0.333851492395 -0.5 12.2110370788 0.0016668328155061364
415.0 0.375570505956 -0.5 12.2098251484 0.0016876807094082713
416.0 0.417285135252 -0.5 12.2084706854 0.001708526412398307
417.0 0.458994893315 -0.5 12.2069737055 0.0017293696811277967
418.0 0.500699293232 0.5 12.2053342264 0.001750210272275776
419.0 0.500699293232 -0.45 12.2053342264 0.001750210272275776
420.0 0.500699293232 -0.4 12.2053342264 0.001750210272275776
421.0 0.500699293232 -0.35 12.2053342264 0.001750210272275776
422.0 0.500699293232 -0.3 12.2053342264 0.001750210272275776
423.0 0.500699293232 -0.25 12.2053342264 0.001750210272275776
424.0 0.500699293232 -0.2 12.2053342264 0.001750210272275776
425.0 0.500699293232 -0.15 12.2053342264 0.001750210272275776
426.0 0.500699293232 -0.1 12.2053342264 0.001750210272275776
427.0 0.500699293232 -0.05 12.2053342264 0.001750210272275776
428.0 0.500699293232 0.0 12.2053342264 0.001750210272275776
429.0 0.500699293232 0.05 12.2053342264 0.001750210272275776
430.0 0.500699293232 0.1 12.2053342264 0.001750210272275776
431.0 0.500699293232 0.15 12.2053342264 0.001750210272275776
432.0 0.500699293232 0.2 12.2053342264 0.001750210272275776
433.0 0.500699293232 0.25 12.2053342264 0.001750210272275776
434.0 0.500699293232 0.3 12.2053342264 0.001750210272275776
435.0 0.500699293232 0.35 12.2053342264 0.001750210272275776
436.0 0.500699293232 0.4 12.2053342264 0.001750210272275776
437.0 0.500699293232 0.45 12.2053342264 0.001750210272275776
438.0 0.0417365521652 0.5 12.2155287 0.0015208566583222
439.0 0.0834726170928 0.5 12.2153148008 0.001541713073161227
440.0 0.125207707582 0.5 12.2149583049 0.0015625690010522982
441.0 0.166941336441 0.5 12.2144592165 0.0015834241985351277
442.0 0.208673016495 0.5 12.2138175413 0.0016042784221579256
443.0 0.250402260586 0.5 12.2130332869 0.0016251314284772963
444.0 0.292128581585 0.5 12.2121064625 0.0016459829740643373
445.0 0.333851492395 0.5 12.2110370788 0.0016668328155061364
446.0 0.375570505956 0.5 12.2098251484 0.0016876807094082713
447.0 0.417285135252 0.5 12.2084706854 0.001708526412398307
448.0 0.458994893315 0.5 12.2069737055 0.0017293696811277967
449.0 0.0417365519463 -0.4 12.2155287 0.001520856658212811
450.0 0.0417365519463 -0.3 12.2155287 0.001520856658212811
451.0 0.0417365519463 -0.2 12.2155287 0.001520856658212811
452.0 0.0417365519463 -0.1 12.2155287 0.001520856658212811
453.0 0.0417365519463 0.0 12.2155287 0.001520856658212811
454.0 0.0417365519463 0.1 12.2155287 0.001520856658212811
455.0 0.0417365519463 0.2 12.2155287 0.001520856658212811
456.0 0.0417365519463 0.3 12.2155287 0.001520856658212811
457.0 0.0417365519463 0.4 12.2155287 0.001520856658212811
458.0 0.0834726168937 -0.45 12.2153148008 0.0015417130730617326
459.0 0.0834726168937 -0.4 12.2153148008 0.0015417130730617326
460.0 0.0834726168937 -0.35 12.2153148008 0.0015417130730617326
461.0 0.0834726168937 -0.3 12.2153148008 0.0015417130730617326
462.0 0.0834726168937 -0.25 12.2153148008 0.0015417130730617326
463.0 0.0834726168937 -0.2 12.2153148008 0.0015417130730617326
464.0 0.0834726168937 -0.15 12.2153148008 0.0015417130730617326
465.0 0.0834726168937 -0.1 12.2153148008 0.0015417130730617326
466.0 0.0834726168937 -0.05 12.2153148008 0.0015417130730617326
467.0 0.0834726168937 0.0 12.2153148008 0.0015417130730617326
468.0 0.0834726168937 0.05 12.2153148008 0.0015417130730617326
469.0 0.0834726168937 0.1 12.2153148008 0.0015417130730617326
470.0 0.0834726168937 0.15 12.2153148008 0.0015417130730617326
471.0 0.0834726168937 0.2 12.2153148008 0.0015417130730617326
472.0 0.0834726168937 0.25 12.2153148008 0.0015417130730617326
473.0 0.0834726168937 0.3 12.2153148008 0.0015417130730617326
474.0 0.0834726168937 0.35 12.2153148008 0.0015417130730617326
475.0 0.0834726168937 0.4 12.2153148008 0.0015417130730617326
476.0 0.0834726168937 0.45 12.2153148008 0.0015417130730617326
477.0 0.125207707582 -0.4 12.2149583049 0.0015625690010522982
478.0 0.125207707582 -0.3 12.2149583049 0.0015625690010522982
479.0 0.125207707582 -0.2 12.2149583049 0.0015625690010522982
480.0 0.125207707582 -0.1 12.2149583049 0.0015625690010522982
481.0 0.125207707582 0.0 12.2149583049 0.0015625690010522982
482.0 0.125207707582 0.1 12.2149583049 0.0015625690010522982
483.0 0.125207707582 0.2 12.2149583049 0.0015625690010522982
484.0 0.125207707582 0.3 12.2149583049 0.0015625690010522982
485.0 0.125207707582 0.4 12.2149583049 0.0015625690010522982
486.0 0.16694133676 -0.45 12.2144592164 0.001583424198694539
487.0 0.16694133676 -0.4 12.2144592164 0.001583424198694539
488.0 0.16694133676 -0.35 12.2144592164 0.001583424198694539
489.0 0.16694133676 -0.3 12.2144592164 0.001583424198694539
490.0 0.16694133676 -0.25 12.2144592164 0.001583424198694539
491.0 0.16694133676 -0.2 12.2144592164 0.001583424198694539
492.0 0.16694133676 -0.15 12.2144592164 0.001583424198694539
493.0 0.16694133676 -0.1 12.2144592164 0.001583424198694539
494.0 0.16694133676 -0.05 12.2144592164 0.001583424198694539
495.0 0.16694133676 0.0 12.2144592164 0.001583424198694539
496.0 0.16694133676 0.05 12.2144592164 0.001583424198694539
497.0 0.16694133676 0.1 12.2144592164 0.001583424198694539
498.0 0.16694133676 0.15 12.2144592164 0.001583424198694539
499.0 0.16694133676 0.2 12.2144592164 0.001583424198694539
500.0 0.16694133676 0.25 12.2144592164 0.001583424198694539
501.0 0.16694133676 0.3 12.2144592164 0.001583424198694539
502.0 0.16694133676 0.35 12.2144592164 0.001583424198694539
503.0 0.16694133676 0.4 12.2144592164 0.001583424198694539
504.0 0.16694133676 0.45 12.2144592164 0.001583424198694539
505.0 0.208673017191 -0.4 12.2138175413 0.001604278422505732
506.0 0.208673017191 -0.3 12.2138175413 0.001604278422505732
507.0 0.208673017191 -0.2 12.2138175413 0.001604278422505732
508.0 0.208673017191 -0.1 12.2138175413 0.001604278422505732
509.0 0.208673017191 0.0 12.2138175413 0.001604278422505732
510.0 0.208673017191 0.1 12.2138175413 0.001604278422505732
511.0 0.208673017191 0.2 12.2138175413 0.001604278422505732
512.0 0.208673017191 0.3 12.2138175413 0.001604278422505732
513.0 0.208673017191 0.4 12.2138175413 0.001604278422505732
514.0 0.25040226166 -0.45 12.2130332869 0.0016251314290139974
515.0 0.25040226166 -0.4 12.2130332869 0.0016251314290139974
516.0 0.25040226166 -0.35 12.2130332869 0.0016251314290139974
517.0 0.25040226166 -0.3 12.2130332869 0.0016251314290139974
518.0 0.25040226166 -0.25 12.2130332869 0.0016251314290139974
519.0 0.25040226166 -0.2 12.2130332869 0.0016251314290139974
520.0 0.25040226166 -0.15 12.2130332869 0.0016251314290139974
521.0 0.25040226166 -0.1 12.2130332869 0.0016251314290139974
522.0 0.25040226166 -0.05 12.2130332869 0.0016251314290139974
523.0 0.25040226166 0.0 12.2130332869 0.0016251314290139974
524.0 0.25040226166 0.05 12.2130332869 0.0016251314290139974
525.0 0.25040226166 0.1 12.2130332869 0.0016251314290139974
526.0 0.25040226166 0.15 12.2130332869 0.0016251314290139974
527.0 0.25040226166 0.2 12.2130332869 0.0016251314290139974
528.0 0.25040226166 0.25 12.2130332869 0.0016251314290139974
529.0 0.25040226166 0.3 12.2130332869 0.0016251314290139974
530.0 0.25040226166 0.35 12.2130332869 0.0016251314290139974
531.0 0.25040226166 0.4 12.2130332869 0.0016251314290139974
532.0 0.25040226166 0.45 12.2130332869 0.0016251314290139974
533.0 0.292128582978 -0.4 12.2121064625 0.0016459829747604497
534.0 0.292128582978 -0.3 12.2121064625 0.0016459829747604497
535.0 0.292128582978 -0.2 12.2121064625 0.0016459829747604497
536.0 0.292128582978 -0.1 12.2121064625 0.0016459829747604497
537.0 0.292128582978 0.0 12.2121064625 0.0016459829747604497
538.0 0.292128582978 0.1 12.2121064625 0.0016459829747604497
539.0 0.292128582978 0.2 12.2121064625 0.0016459829747604497
540.0 0.292128582978 0.3 12.2121064625 0.0016459829747604497
541.0 0.292128582978 0.4 12.2121064625 0.0016459829747604497
542.0 0.333851493987 -0.45 12.2110370788 0.0016668328163016934
543.0 0.333851493987 -0.4 12.2110370788 0.0016668328163016934
544.0 0.333851493987 -0.35 12.2110370788 0.0016668328163016934
545.0 0.333851493987 -0.3 12.2110370788 0.0016668328163016934
546.0 0.333851493987 -0.25 12.2110370788 0.0016668328163016934
547.0 0.333851493987 -0.2 12.2110370788 0.0016668328163016934
548.0 0.333851493987 -0.15 12.2110370788 0.0016668328163016934
549.0 0.333851493987 -0.1 12.2110370788 0.0016668328163016934
550.0 0.333851493987 -0.05 12.2110370788 0.0016668328163016934
551.0 0.333851493987 0.0 12.2110370788 0.0016668328163016934
552.0 0.333851493987 0.05 12.2110370788 0.0016668328163016934
553.0 0.333851493987 0.1 12.2110370788 0.0016668328163016934
554.0 0.333851493987 0.15 12.2110370788 0.0016668328163016934
555.0 0.333851493987 0.2 12.2110370788 0.0016668328163016934
556.0 0.333851493987 0.25 12.2110370788 0.0016668328163016934
557.0 0.333851493987 0.3 12.2110370788 0.0016668328163016934
558.0 0.333851493987 0.35 12.2110370788 0.0016668328163016934
559.0 0.333851493987 0.4 12.2110370788 0.0016668328163016934
560.0 0.333851493987 0.45 12.2110370788 0.0016668328163016934
561.0 0.375570507568 -0.4 12.2098251484 0.0016876807102138224
562.0 0.375570507568 -0.3 12.2098251484 0.0016876807102138224
563.0 0.375570507568 -0.2 12.2098251484 0.0016876807102138224
564.0 0.375570507568 -0.1 12.2098251484 0.0016876807102138224
565.0 0.375570507568 0.0 12.2098251484 0.0016876807102138224
566.0 0.375570507568 0.1 12.2098251484 0.0016876807102138224
567.0 0.375570507568 0.2 12.2098251484 0.0016876807102138224
568.0 0.375570507568 0.3 12.2098251484 0.0016876807102138224
569.0 0.375570507568 0.4 12.2098251484 0.0016876807102138224
570.0 0.417285136645 -0.45 12.2084706853 0.0017085264130944195
571.0 0.417285136645 -0.4 12.2084706853 0.0017085264130944195
572.0 0.417285136645 -0.35 12.2084706853 0.0017085264130944195
573.0 0.417285136645 -0.3 12.2084706853 0.0017085264130944195
574.0 0.417285136645 -0.25 12.2084706853 0.0017085264130944195
575.0 0.417285136645 -0.2 12.2084706853 0.0017085264130944195
576.0 0.417285136645 -0.15 12.2084706853 0.0017085264130944195
577.0 0.417285136645 -0.1 12.2084706853 0.0017085264130944195
578.0 0.417285136645 -0.05 12.2084706853 0.0017085264130944195
579.0 0.417285136645 0.0 12.2084706853 0.0017085264130944195
580.0 0.417285136645 0.05 12.2084706853 0.0017085264130944195
581.0 0.417285136645 0.1 12.2084706853 0.0017085264130944195
582.0 0.417285136645 0.15 12.2084706853 0.0017085264130944195
583.0 0.417285136645 0.2 12.2084706853 0.0017085264130944195
584.0 0.417285136645 0.25 12.2084706853 0.0017085264130944195
585.0 0.417285136645 0.3 12.2084706853 0.0017085264130944195
586.0 0.417285136645 0.35 12.2084706853 0.0017085264130944195
587.0 0.417285136645 0.4 12.2084706853 0.0017085264130944195
588.0 0.417285136645 0.45 12.2084706853 0.0017085264130944195
589.0 0.45899489419 -0.4 12.2069737055 0.0017293696815650528
590.0 0.45899489419 -0.3 12.2069737055 0.0017293696815650528
591.0 0.45899489419 -0.2 12.2069737055 0.0017293696815650528
592.0 0.45899489419 -0.1 12.2069737055 0.0017293696815650528
593.0 0.45899489419 0.0 12.2069737055 0.0017293696815650528
594.0 0.45899489419 0.1 12.2069737055 0.0017293696815650528
595.0 0.45899489419 0.2 12.2069737055 0.0017293696815650528
596.0 0.45899489419 0.3 12.2069737055 0.0017293696815650528
597.0 0.45899489419 0.4 12.2069737055 0.0017293696815650528
598.0 1.00055702885 -0.5 12.1745541599 0.002
599.0 0.542397848257 -0.5 12.203552267 0.001771047942604736
600.0 0.584090071525 -0.5 12.2016278483 0.0017918824488176999
601.0 0.625775476347 -0.5 12.1995609926 0.0018127135477056422
602.0 0.667453576112 -0.5 12.1973517242 0.0018335409960985153
603.0 0.70912388429 -0.5 12.1950000687 0.00185436455086675
604.0 0.750785914444 -0.5 12.1925060537 0.00187518396892725
605.0 0.792439180227 -0.5 12.1898697083 0.001895999007241895
606.0 0.834083195396 -0.5 12.1870910632 0.0019168094228245347
607.0 0.87571747381 -0.5 12.1841701509 0.001937614972739992
608.0 0.917341529444 -0.5 12.1811070055 0.001958415414111055
609.0 0.958954876386 -0.5 12.1779016626 0.0019792105041169837
610.0 1.00055702885 0.5 12.1745541599 0.002
611.0 1.00055702885 -0.45 12.1745541599 0.002
612.0 1.00055702885 -0.4 12.1745541599 0.002
613.0 1.00055702885 -0.35 12.1745541599 0.002
614.0 1.00055702885 -0.3 12.1745541599 0.002
615.0 1.00055702885 -0.25 12.1745541599 0.002
616.0 1.00055702885 -0.2 12.1745541599 0.002
617.0 1.00055702885 -0.15 12.1745541599 0.002
618.0 1.00055702885 -0.1 12.1745541599 0.002
619.0 1.00055702885 -0.05 12.1745541599 0.002
620.0 1.00055702885 0.0 12.1745541599 0.002
621.0 1.00055702885 0.05 12.1745541599 0.002
622.0 1.00055702885 0.1 12.1745541599 0.002
623.0 1.00055702885 0.15 12.1745541599 0.002
624.0 1.00055702885 0.2 12.1745541599 0.002
625.0 1.00055702885 0.25 12.1745541599 0.002
626.0 1.00055702885 0.3 12.1745541599 0.002
627.0 1.00055702885 0.35 12.1745541599 0.002
628.0 1.00055702885 0.4 12.1745541599 0.002
629.0 1.00055702885 0.45 12.1745541599 0.002
630.0 0.542397848257 0.5 12.203552267 0.001771047942604736
631.0 0.584090071525 0.5 12.2016278483 0.0017918824488176999
632.0 0.625775476347 0.5 12.1995609926 0.0018127135477056422
633.0 0.667453576112 0.5 12.1973517242 0.0018335409960985153
634.0 0.70912388429 0.5 12.1950000687 0.00185436455086675
635.0 0.750785914444 0.5 12.1925060537 0.00187518396892725
636.0 0.792439180227 0.5 12.1898697083 0.001895999007241895
637.0 0.834083195396 0.5 12.1870910632 0.0019168094228245347
638.0 0.87571747381 0.5 12.1841701509 0.001937614972739992
639.0 0.917341529444 0.5 12.1811070055 0.001958415414111055
640.0 0.958954876386 0.5 12.1779016626 0.0019792105041169837
641.0 0.542397848079 -0.4 12.203552267 0.0017710479425157855
642.0 0.542397848079 -0.3 12.203552267 0.0017710479425157855
643.0 0.542397848079 -0.2 12.203552267 0.0017710479425157855
644.0 0.542397848079 -0.1 12.203552267 0.0017710479425157855
645.0 0.542397848079 0.0 12.203552267 0.0017710479425157855
646.0 0.542397848079 0.1 12.203552267 0.0017710479425157855
647.0 0.542397848079 0.2 12.203552267 0.0017710479425157855
648.0 0.542397848079 0.3 12.203552267 0.0017710479425157855
649.0 0.542397848079 0.4 12.203552267 0.0017710479425157855
650.0 0.584090071251 -0.45 12.2016278483 0.0017918824486807762
651.0 0.584090071251 -0.4 12.2016278483 0.0017918824486807762
652.0 0.584090071251 -0.35 12.2016278483 0.0017918824486807762
653.0 0.584090071251 -0.3 12.2016278483 0.0017918824486807762
654.0 0.584090071251 -0.25 12.2016278483 0.0017918824486807762
655.0 0.584090071251 -0.2 12.2016278483 0.0017918824486807762
656.0 0.584090071251 -0.15 12.2016278483 0.0017918824486807762
657.0 0.584090071251 -0.1 12.2016278483 0.0017918824486807762
658.0 0.584090071251 -0.05 12.2016278483 0.0017918824486807762
659.0 0.584090071251 0.0 12.2016278483 0.0017918824486807762
660.0 0.584090071251 0.05 12.2016278483 0.0017918824486807762
661.0 0.584090071251 0.1 12.2016278483 0.0017918824486807762
662.0 0.584090071251 0.15 12.2016278483 0.0017918824486807762
663.0 0.584090071251 0.2 12.2016278483 0.0017918824486807762
664.0 0.584090071251 0.25 12.2016278483 0.0017918824486807762
665.0 0.584090071251 0.3 12.2016278483 0.0017918824486807762
666.0 0.584090071251 0.35 12.2016278483 0.0017918824486807762
667.0 0.584090071251 0.4 12.2016278483 0.0017918824486807762
668.0 0.584090071251 0.45 12.2016278483 0.0017918824486807762
669.0 0.625775476043 -0.4 12.1995609927 0.0018127135475537266
670.0 0.625775476043 -0.3 12.1995609927 0.0018127135475537266
671.0 0.625775476043 -0.2 12.1995609927 0.0018127135475537266
672.0 0.625775476043 -0.1 12.1995609927 0.0018127135475537266
673.0 0.625775476043 0.0 12.1995609927 0.0018127135475537266
674.0 0.625775476043 0.1 12.1995609927 0.0018127135475537266
675.0 0.625775476043 0.2 12.1995609927 0.0018127135475537266
676.0 0.625775476043 0.3 12.1995609927 0.0018127135475537266
677.0 0.625775476043 0.4 12.1995609927 0.0018127135475537266
678.0 0.66745357583 -0.45 12.1973517242 0.001833540995957594
679.0 0.66745357583 -0.4 12.1973517242 0.001833540995957594
680.0 0.66745357583 -0.35 12.1973517242 0.001833540995957594
681.0 0.66745357583 -0.3 12.1973517242 0.001833540995957594
682.0 0.66745357583 -0.25 12.1973517242 0.001833540995957594
683.0 0.66745357583 -0.2 12.1973517242 0.001833540995957594
684.0 0.66745357583 -0.15 12.1973517242 0.001833540995957594
685.0 0.66745357583 -0.1 12.1973517242 0.001833540995957594
686.0 0.66745357583 -0.05 12.1973517242 0.001833540995957594
687.0 0.66745357583 0.0 12.1973517242 0.001833540995957594
688.0 0.66745357583 0.05 12.1973517242 0.001833540995957594
689.0 0.66745357583 0.1 12.1973517242 0.001833540995957594
690.0 0.66745357583 0.15 12.1973517242 0.001833540995957594
691.0 0.66745357583 0.2 12.1973517242 0.001833540995957594
692.0 0.66745357583 0.25 12.1973517242 0.001833540995957594
693.0 0.66745357583 0.3 12.1973517242 0.001833540995957594
694.0 0.66745357583 0.35 12.1973517242 0.001833540995957594
695.0 0.66745357583 0.4 12.1973517242 0.001833540995957594
696.0 0.66745357583 0.45 12.1973517242 0.001833540995957594
697.0 0.709123884068 -0.4 12.1950000688 0.0018543645507558117
698.0 0.709123884068 -0.3 12.1950000688 0.0018543645507558117
699.0 0.709123884068 -0.2 12.1950000688 0.0018543645507558117
700.0 0.709123884068 -0.1 12.1950000688 0.0018543645507558117
701.0 0.709123884068 0.0 12.1950000688 0.0018543645507558117
702.0 0.709123884068 0.1 12.1950000688 0.0018543645507558117
703.0 0.709123884068 0.2 12.1950000688 0.0018543645507558117
704.0 0.709123884068 0.3 12.1950000688 0.0018543645507558117
705.0 0.709123884068 0.4 12.1950000688 0.0018543645507558117
706.0 0.750785914303 -0.45 12.1925060538 0.0018751839688567894
707.0 0.750785914303 -0.4 12.1925060538 0.0018751839688567894
708.0 0.750785914303 -0.35 12.1925060538 0.0018751839688567894
709.0 0.750785914303 -0.3 12.1925060538 0.0018751839688567894
710.0 0.750785914303 -0.25 12.1925060538 0.0018751839688567894
711.0 0.750785914303 -0.2 12.1925060538 0.0018751839688567894
712.0 0.750785914303 -0.15 12.1925060538 0.0018751839688567894
713.0 0.750785914303 -0.1 12.1925060538 0.0018751839688567894
714.0 0.750785914303 -0.05 12.1925060538 0.0018751839688567894
715.0 0.750785914303 0.0 12.1925060538 0.0018751839688567894
716.0 0.750785914303 0.05 12.1925060538 0.0018751839688567894
717.0 0.750785914303 0.1 12.1925060538 0.0018751839688567894
718.0 0.750785914303 0.15 12.1925060538 0.0018751839688567894
719.0 0.750785914303 0.2 12.1925060538 0.0018751839688567894
720.0 0.750785914303 0.25 12.1925060538 0.0018751839688567894
721.0 0.750785914303 0.3 12.1925060538 0.0018751839688567894
722.0 0.750785914303 0.35 12.1925060538 0.0018751839688567894
723.0 0.750785914303 0.4 12.1925060538 0.0018751839688567894
724.0 0.750785914303 0.45 12.1925060538 0.0018751839688567894
725.0 0.792439180176 -0.4 12.1898697083 0.001895999007216409
726.0 0.792439180176 -0.3 12.1898697083 0.001895999007216409
727.0 0.792439180176 -0.2 12.1898697083 0.001895999007216409
728.0 0.792439180176 -0.1 12.1898697083 0.001895999007216409
729.0 0.792439180176 0.0 12.1898697083 0.001895999007216409
730.0 0.792439180176 0.1 12.1898697083 0.001895999007216409
731.0 0.792439180176 0.2 12.1898697083 0.001895999007216409
732.0 0.792439180176 0.3 12.1898697083 0.001895999007216409
733.0 0.792439180176 0.4 12.1898697083 0.001895999007216409
734.0 0.834083195428 -0.45 12.1870910632 0.0019168094228405258
735.0 0.834083195428 -0.4 12.1870910632 0.0019168094228405258
736.0 0.834083195428 -0.35 12.1870910632 0.0019168094228405258
737.0 0.834083195428 -0.3 12.1870910632 0.0019168094228405258
738.0 0.834083195428 -0.25 12.1870910632 0.0019168094228405258
739.0 0.834083195428 -0.2 12.1870910632 0.0019168094228405258
740.0 0.834083195428 -0.15 12.1870910632 0.0019168094228405258
741.0 0.834083195428 -0.1 12.1870910632 0.0019168094228405258
742.0 0.834083195428 -0.05 12.1870910632 0.0019168094228405258
743.0 0.834083195428 0.0 12.1870910632 0.0019168094228405258
744.0 0.834083195428 0.05 12.1870910632 0.0019168094228405258
745.0 0.834083195428 0.1 12.1870910632 0.0019168094228405258
746.0 0.834083195428 0.15 12.1870910632 0.0019168094228405258
747.0 0.834083195428 0.2 12.1870910632 0.0019168094228405258
748.0 0.834083195428 0.25 12.1870910632 0.0019168094228405258
749.0 0.834083195428 0.3 12.1870910632 0.0019168094228405258
750.0 0.834083195428 0.35 12.1870910632 0.0019168094228405258
751.0 0.834083195428 0.4 12.1870910632 0.0019168094228405258
752.0 0.834083195428 0.45 12.1870910632 0.0019168094228405258
753.0 0.875717473904 -0.4 12.1841701509 0.0019376149727869658
754.0 0.875717473904 -0.3 12.1841701509 0.0019376149727869658
755.0 0.875717473904 -0.2 12.1841701509 0.0019376149727869658
756.0 0.875717473904 -0.1 12.1841701509 0.0019376149727869658
757.0 0.875717473904 0.0 12.1841701509 0.0019376149727869658
758.0 0.875717473904 0.1 12.1841701509 0.0019376149727869658
759.0 0.875717473904 0.2 12.1841701509 0.0019376149727869658
760.0 0.875717473904 0.3 12.1841701509 0.0019376149727869658
761.0 0.875717473904 0.4 12.1841701509 0.0019376149727869658
762.0 0.917341529562 -0.45 12.1811070055 0.0019584154141700227
763.0 0.917341529562 -0.4 12.1811070055 0.0019584154141700227
764.0 0.917341529562 -0.35 12.1811070055 0.0019584154141700227
765.0 0.917341529562 -0.3 12.1811070055 0.0019584154141700227
766.0 0.917341529562 -0.25 12.1811070055 0.0019584154141700227
767.0 0.917341529562 -0.2 12.1811070055 0.0019584154141700227
768.0 0.917341529562 -0.15 12.1811070055 0.0019584154141700227
769.0 0.917341529562 -0.1 12.1811070055 0.0019584154141700227
770.0 0.917341529562 -0.05 12.1811070055 0.0019584154141700227
771.0 0.917341529562 0.0 12.1811070055 0.0019584154141700227
772.0 0.917341529562 0.05 12.1811070055 0.0019584154141700227
773.0 0.917341529562 0.1 12.1811070055 0.0019584154141700227
774.0 0.917341529562 0.15 12.1811070055 0.0019584154141700227
775.0 0.917341529562 0.2 12.1811070055 0.0019584154141700227
776.0 0.917341529562 0.25 12.1811070055 0.0019584154141700227
777.0 0.917341529562 0.3 12.1811070055 0.0019584154141700227
778.0 0.917341529562 0.35 12.1811070055 0.0019584154141700227
779.0 0.917341529562 0.4 12.1811070055 0.0019584154141700227
780.0 0.917341529562 0.45 12.1811070055 0.0019584154141700227
781.0 0.958954876478 -0.4 12.1779016626 0.0019792105041629583
782.0 0.958954876478 -0.3 12.1779016626 0.0019792105041629583
783.0 0.958954876478 -0.2 12.1779016626 0.0019792105041629583
784.0 0.958954876478 -0.1 12.1779016626 0.0019792105041629583
785.0 0.958954876478 0.0 12.1779016626 0.0019792105041629583
786.0 0.958954876478 0.1 12.1779016626 0.0019792105041629583
787.0 0.958954876478 0.2 12.1779016626 0.0019792105041629583
788.0 0.958954876478 0.3 12.1779016626 0.0019792105041629583
789.0 0.958954876478 0.4 12.1779016626 0.0019792105041629583
